Parameters && Nominal output && Optimal output && ISE IAE && Optimal ISE Optimal IAE && L2 L1 && Opt L2 Opt L1
1.000000 0.120091 0.030541 0.025401 && -0.000146 -0.000173 0.000283 0.000125 0.000154 -0.000242 && -0.000013 -0.000051 0.000026 0.000013 0.000051 -0.000026 && 0.001210 0.061917 && 0.000739 0.039904 && 0.011300 0.210418 && 0.006880 0.126834 
1.000000 0.120091 0.030541 0.025401 && -0.000146 -0.000173 0.000283 0.000125 0.000154 -0.000242 && -0.000013 -0.000051 0.000026 0.000013 0.000051 -0.000026 && 0.001210 0.061917 && 0.000739 0.039904 && 0.011300 0.210418 && 0.006880 0.126834 
1.000000 0.100223 0.003793 0.022875 && -0.000146 -0.000173 0.000283 0.000125 0.000154 -0.000242 && -0.000012 -0.000051 0.000026 0.000012 0.000051 -0.000026 && 0.001210 0.061917 && 0.000747 0.039979 && 0.011300 0.210418 && 0.006840 0.126821 
1.000000 0.150467 0.046171 0.034842 && -0.000135 -0.000160 0.000259 0.000116 0.000142 -0.000221 && -0.000014 -0.000048 0.000026 0.000014 0.000048 -0.000026 && 0.000987 0.056074 && 0.000612 0.056074 && 0.008147 0.191029 && 0.004829 0.116042 
1.000000 0.425761 0.239877 0.063789 && -0.000029 -0.000062 -0.000055 0.000026 0.000060 0.000050 && -0.000029 -0.000062 -0.000055 0.000026 0.000060 0.000050 && 0.000655 0.039630 && 0.005045 0.126825
1.000000 0.671567 0.068134 0.054805 && -0.000005 -0.000041 -0.000010 0.000005 0.000041 0.000010 && -0.000005 -0.000041 -0.000010 0.000005 0.000041 0.000010 && 0.000478 0.031126 && 0.007666 0.110494
1.000000 0.990298 0.298284 0.042272 && -0.000006 -0.000026 0.000000 0.000006 0.000026 0.000000 && -0.000006 -0.000026 0.000000 0.000006 0.000026 0.000000 && 0.000157 0.018498 && 0.001322 0.058618
1.000000 0.305037 0.121354 0.029267 && -0.000005 -0.000026 0.000000 0.000005 0.000026 0.000000 && -0.000005 -0.000026 0.000000 0.000005 0.000026 0.000000 && 0.000158 0.018518 && 0.001296 0.058416
1.000000 0.970900 0.405700 0.025600 && -0.000008 -0.000043 -0.000015 0.000008 0.000043 0.000015 && -0.000008 -0.000043 -0.000015 0.000008 0.000043 0.000015 && 0.000489 0.031935 && 0.007165 0.110699
1.000000 0.970900 0.405700 0.025600 && -0.000008 -0.000043 -0.000015 0.000008 0.000043 0.000015 && -0.000008 -0.000043 -0.000015 0.000008 0.000043 0.000015 && 0.000489 0.031935 && 0.007165 0.110699
1.000000 0.970900 0.405700 0.025600 && -0.000007 -0.000028 0.000000 0.000007 0.000027 0.000000 && -0.000007 -0.000028 0.000000 0.000007 0.000027 0.000000 && 0.000158 0.018638 && 0.001340 0.059068
